# Sample code with member preferences and stars in dictionary format

# Member Preferences Dictionary
member_preferences = {
   2 : [25,26,42],
3 : [11,8,12],
4 : [25,23,35],
5 : [25,42,26],
6 : [3,0,35],
7 : [17,33,6],
10 : [41,42,6],
12 : [0,3,35],
13 : [10,48,7],
16 : [3,35,0],
17 : [26,23,25],
21 : [44,6,33],
23 : [46,43,35],
24 : [41,23,17],
25 : [12,13,22],
34 : [27,4,41],
36 : [38,37,36],
40 : [46,3,26],
45 : [30,29,31],
50 : [17,0,3],
51 : [38,36,3],
52 : [35,0,17],
53 : [20,46,19],
54 : [37,26,20],
60 : [39,40,36],
61 : [33,42,17],
62 : [7,48,22],
64 : [41,23,17],
65 : [30,31,29],
67 : [41,40,6],
69 : [38,17,19],
95 : [17,18,7],
96 : [1,26,30],
101 : [38,40,37],
109 : [25,0,1],
113 : [40,46,37],
119 : [1,6,44],
122 : [17,41,27],
125 : [38,35,36],
126 : [14,3,23],
130 : [35,42,1],
134 : [23,17,29],
136 : [30,48,46],
137 : [26,43,25],
141 : [17,14,3],
142 : [32,17,28],
143 : [38,35,37],
145 : [39,36,38],
146 : [26,1,25],
147 : [25,14,6],
149 : [6,25,47],
154 : [14,35,3],
155 : [2,6,47],
157 : [17,35,3],
166 : [36,38,40],
167 : [34,22,37],
174 : [20,1,33],
182 : [25,42,46],
183 : [36,9,40],
187 : [20,1,40],
200 : [37,39,38],
201 : [8,12,11],
206 : [3,6,20],
222 : [37,36,40],
229 : [3,2,47],
233 : [17,23,41],
236 : [0,3,35],
238 : [26,25,33],
241 : [37,24,39],
243 : [25,20,26],
245 : [38,37,40],
251 : [0,3,41],
253 : [0,3,35],
257 : [8,49,48],
258 : [6,33,44],
261 : [18,13,11],
262 : [25,43,33],
263 : [1,20,47],
269 : [38,36,35],
272 : [3,46,14],
276 : [15,3,5],
278 : [1,25,26],
280 : [10,36,7],
281 : [36,26,35],
282 : [22,20,48],
286 : [15,5,37],
287 : [26,1,20],
292 : [0,3,38],
293 : [36,40,38],
294 : [11,18,12],
295 : [25,43,42],
299 : [23,42,25],
301 : [29,30,49],
303 : [42,43,26],
304 : [43,25,42],
307 : [35,22,26],
312 : [48,49,15],
320 : [32,8,49],
325 : [41,4,21],
326 : [27,28,32],
330 : [40,39,36],
335 : [17,38,35],
336 : [39,36,40],
337 : [14,2,35],
346 : [25,26,46],
356 : [31,41,29],
0 : [49,27,13],
8 : [31,29,30],
9 : [31,29,30],
11 : [15,5,9],
18 : [10,7,48],
19 : [5,9,34],
22 : [22,7,16],
26 : [50,24,34],
27 : [11,12,27],
30 : [7,11,28],
32 : [19,3,35],
35 : [22,7,10],
37 : [30,29,31],
38 : [50,9,19],
42 : [22,4,7],
44 : [22,7,16],
46 : [34,50,5],
47 : [8,30,10],
48 : [50,24,34],
55 : [50,24,9],
57 : [5,24,9],
59 : [10,7,48],
63 : [9,47,39],
66 : [5,50,34],
70 : [10,7,9],
71 : [10,7,9],
72 : [18,12,22],
73 : [18,12,22],
76 : [10,7,41],
77 : [24,50,19],
78 : [8,49,27],
80 : [10,48,22],
81 : [10,48,22],
83 : [28,8,49],
84 : [48,22,12],
85 : [48,22,12],
86 : [48,22,12],
89 : [50,1,39],
90 : [28,49,4],
93 : [22,48,10],
97 : [19,15,24],
98 : [19,15,24],
99 : [32,27,49],
100 : [32,13,25],
102 : [5,19,35],
105 : [28,13,12],
106 : [28,13,12],
107 : [50,47,24],
108 : [50,47,24],
110 : [49,27,28],
111 : [22,20,50],
112 : [30,29,31],
114 : [18,1,40],
115 : [30,29,31],
117 : [11,8,45],
120 : [15,34,47],
123 : [34,47,14],
127 : [28,49,32],
129 : [8,32,38],
131 : [31,30,29],
133 : [8,32,40],
135 : [8,30,10],
138 : [31,7,8],
144 : [49,4,29],
150 : [2,20,44],
151 : [15,5,15],
152 : [27,18,49],
153 : [9,47,3],
156 : [24,15,34],
158 : [24,50,19],
161 : [9,47,6],
162 : [49,27,21],
164 : [48,22,16],
168 : [34,47,9],
171 : [50,24,19],
173 : [5,15,40],
175 : [49,27,21],
176 : [11,27,28],
178 : [7,27,22],
180 : [7,12,22],
185 : [8,32,38],
186 : [19,40,46],
188 : [12,27,13],
189 : [19,50,47],
191 : [12,21,31],
194 : [47,5,15],
196 : [32,21,28],
197 : [19,5,15],
198 : [28,32,49],
202 : [27,49,32],
203 : [15,19,34],
205 : [48,38,36],
207 : [7,22,10],
213 : [30,29,31],
214 : [50,47,24],
218 : [24,15,34],
219 : [9,47,50],
223 : [13,12,8],
224 : [13,12,11],
230 : [50,15,34],
231 : [48,23,40],
232 : [50,15,34],
235 : [15,19,5],
237 : [22,10,14],
239 : [22,10,14],
240 : [45,7,18],
244 : [13,12,11],
246 : [21,8,32],
249 : [24,50,9],
250 : [15,19,5],
254 : [15,37,36],
255 : [48,16,18],
260 : [22,50,24],
264 : [30,28,27],
265 : [30,28,27],
266 : [22,30,31],
271 : [44,6,25],
273 : [15,9,32],
275 : [9,5,50],
277 : [34,9,24],
283 : [13,12,9],
289 : [31,30,29],
296 : [49,32,45],
302 : [47,46,20],
305 : [34,15,9],
306 : [50,24,34],
308 : [34,15,9],
309 : [48,10,8],
310 : [50,24,5],
311 : [15,23,14],
313 : [5,24,15],
314 : [5,24,15],
315 : [30,32,47],
317 : [45,28,12],
318 : [45,28,12],
321 : [15,19,9],
323 : [5,50,35],
327 : [50,24,15],
329 : [11,8,45],
332 : [4,30,28],
338 : [48,18,8],
342 : [50,19,5],
343 : [50,24,19],
345 : [10,12,13],
351 : [48,7,22],
352 : [48,7,22],
354 : [50,5,47],
}

# Member Stars Dictionary
member_stars = {
2 : 2,
3 : 3,
4 : 5,
5 : 1,
6 : 2,
7 : 1,
10 : 3,
12 : 3,
13 : 2,
16 : 2,
17 : 2,
21 : 2,
23 : 1,
24 : 5,
25 : 3,
34 : 0,
36 : 0,
40 : 2,
45 : 1,
50 : 5,
51 : 0,
52 : 0,
53 : 3,
54 : 0,
60 : 0,
61 : 1,
62 : 0,
64 : 3,
65 : 4,
67 : 1,
69 : 0,
95 : 5,
96 : 0,
101 : 0,
109 : 1,
113 : 0,
119 : 1,
122 : 4,
125 : 0,
126 : 2,
130 : 1,
134 : 2,
136 : 2,
137 : 2,
141 : 2,
142 : 0,
143 : 0,
145 : 0,
146 : 2,
147 : 1,
149 : 2,
154 : 5,
155 : 2,
157 : 0,
166 : 0,
167 : 0,
174 : 2,
182 : 1,
183 : 0,
187 : 0,
200 : 0,
201 : 0,
206 : 1,
222 : 0,
229 : 1,
233 : 5,
236 : 4,
238 : 1,
241 : 0,
243 : 4,
245 : 0,
251 : 4,
253 : 2,
257 : 0,
258 : 1,
261 : 4,
262 : 2,
263 : 1,
269 : 0,
272 : 1,
276 : 0,
278 : 1,
280 : 0,
281 : 0,
282 : 1,
286 : 2,
287 : 2,
292 : 1,
293 : 0,
294 : 2,
295 : 2,
299 : 1,
301 : 1,
303 : 1,
304 : 1,
307 : 1,
312 : 0,
320 : 0,
325 : 0,
326 : 0,
330 : 0,
335 : 0,
336 : 0,
337 : 2,
346 : 1,
356 : 2,
0 : 2,
8 : 1,
9 : 4,
11 : 5,
18 : 4,
19 : 4,
22 : 2,
26 : 4,
27 : 2,
30 : 0,
32 : 1,
35 : 4,
37 : 2,
38 : 1,
42 : 0,
44 : 2,
46 : 1,
47 : 4,
48 : 1,
55 : 4,
57 : 0,
59 : 0,
63 : 0,
66 : 2,
70 : 0,
71 : 0,
72 : 1,
73 : 1,
76 : 0,
77 : 1,
78 : 0,
80 : 1,
81 : 4,
83 : 0,
84 : 0,
85 : 0,
86 : 0,
89 : 0,
90 : 1,
93 : 5,
97 : 1,
98 : 1,
99 : 0,
100 : 5,
102 : 0,
105 : 0,
106 : 0,
107 : 0,
108 : 0,
110 : 2,
111 : 0,
112 : 2,
114 : 0,
115 : 2,
117 : 5,
120 : 0,
123 : 0,
127 : 1,
129 : 0,
131 : 4,
133 : 0,
135 : 4,
138 : 1,
144 : 0,
150 : 1,
151 : 0,
152 : 2,
153 : 4,
156 : 0,
158 : 1,
161 : 3,
162 : 0,
164 : 1,
168 : 1,
171 : 2,
173 : 0,
175 : 0,
176 : 2,
178 : 0,
180 : 0,
185 : 0,
186 : 0,
188 : 1,
189 : 0,
191 : 1,
194 : 0,
196 : 1,
197 : 2,
198 : 1,
202 : 1,
203 : 0,
205 : 0,
207 : 1,
213 : 1,
214 : 2,
218 : 0,
219 : 4,
223 : 3,
224 : 1,
230 : 1,
231 : 0,
232 : 0,
235 : 0,
237 : 0,
239 : 0,
240 : 3,
244 : 1,
246 : 3,
249 : 0,
250 : 0,
254 : 0,
255 : 1,
260 : 0,
264 : 0,
265 : 0,
266 : 0,
271 : 2,
273 : 0,
275 : 2,
277 : 3,
283 : 0,
289 : 2,
296 : 0,
302 : 0,
305 : 0,
306 : 2,
308 : 1,
309 : 5,
310 : 2,
311 : 0,
313 : 1,
314 : 0,
315 : 1,
317 : 0,
318 : 0,
321 : 1,
323 : 0,
327 : 0,
329 : 5,
332 : 0,
338 : 0,
342 : 1,
343 : 2,
345 : 0,
351 : 2,
352 : 1,
354 : 1,
}

# Initialize assigned_members and event_assignments
assigned_members = set()
event_assignments = {event_id: [] for event_id in range(51)}  # Events 0 through 7

# Sort members by stars descending
sorted_members = sorted(member_stars.keys(), key=lambda x: -member_stars[x])

# Assign members to events
for member in sorted_members:
    for preference_rank in range(3):  # 0: 1st choice, 1: 2nd choice, 2: 3rd choice
        if member in assigned_members:
            break  # Skip if already assigned
        event = member_preferences[member][preference_rank]
        if len(event_assignments[event]) < 10:  # Check event capacity
            event_assignments[event].append(member)
            assigned_members.add(member)
            break  # Move to next member

# Output the event assignments
print("Event Assignments:")
for event, members in event_assignments.items():
    print(f"Event {event}: Members {members}")
